686673636379197500
775410766173437982
775410766173437982
775410766173437982
775410766173437982
775410766173437982
775410766173437982
775410766173437982
775410766173437982
775410766173437982
775410766173437982
686673636379197500
775410766173437982
775410766173437982
775410766173437982
757646985569370223
775410766173437982
741822283718328450
775410766173437982
775410766173437982
775410766173437982
775410766173437982
775410766173437982
775410766173437982
775410766173437982
775410766173437982
775410766173437982
775410766173437982
775410766173437982
775410766173437982
757646985569370223
775410766173437982
775410766173437982
775410766173437982
775410766173437982
775410766173437982
775410766173437982
775410766173437982
775410766173437982
757646985569370223
775410766173437982
757646985569370223
775410766173437982
775410766173437982
757646985569370223
686673636379197500
686673636379197500
775410766173437982
775410766173437982
775410766173437982
775410766173437982
775410766173437982
775410766173437982
775410766173437982
775410766173437982
775410766173437982
775410766173437982
775410766173437982
775410766173437982
775410766173437982
775410766173437982
775410766173437982
775410766173437982
775410766173437982
775410766173437982
775410766173437982
775410766173437982
775410766173437982
775410766173437982
775410766173437982
775410766173437982
775410766173437982
775410766173437982
775410766173437982
775410766173437982
775410766173437982
775410766173437982
775410766173437982
775410766173437982
775410766173437982
775410766173437982
775410766173437982
775410766173437982
686673636379197500
775410766173437982
775410766173437982
775410766173437982